[app/install/state]
version = 6.3.3
modtime = 1456781621.322600000

[passivetotal/api-setup]
version = 6.3.3
modtime = 1456783486.714045000

[app/install/is_configured]
version = 6.3.3
modtime = 1456783486.717837000
